0.999404899776039777261554318926876065046721073887802008666407707737567686816668
26144908220451093233783657570964605812019501012298292513590670705385339485181084
77291851783201899717708991427377992188458081412561211967632156287456801488652048
78993078561980989274739342710843281826895765593776038095897771253896387388678545
92268473461941171165557445638404304024013638496004318376595198002988145547200267
84729598943714712878784839574826930366492780998761855180072027582424836409072242
60524955342700387209581192168634763926033346753693585913598354680709275517648325
00281498061847070182714547342630720793652036240481130611217670082054223326349969
82624280034772727738028446078407915559578001210248907482083495074933337999447690
90522825525889662698305313357187366373052000478163470247185752044865259198640219
34705113076155932788813459396618854514260151038659275707097994935979710197756574
82399738033990595275794542071433239848788078782937601919031926132148983447660249
37996761667950921739436307043792489325273340052435782758677322742311684382002195
61987449809709432241766204813588136831402241522707288508880478931290855858817797
21541748441486060913983745743863350436728844011985839909733273481545175949897153
52156181133625649265499684971111394097366256146446118449075396037176275948911373
32933881584045507310694815586153994464795137668393543287898176879832171374275468
92587133174996286728017247884471988284968625870333397559681468671519583248613382
98548575418261408506413599310675043138957019264716071735598611519926485527605668
53287566887480288513943392517032154134615491103006220742761976944649526850995241
39858389343554510113659635096105456136499833585890605751325811523815756427625622
47807361971400767777488668605772162644966373729614871292082378626942633779035607
30165984120453556739582943054879294421746714740311633539200128164378012511820544
66276910843574040445816267384111143276478415760251716741226153244915026212401068
45877488148847460749957081029945111801903642329785110161501667670980520740449412
85937870570272154330047137347211288867280287079447868162715794630368633012616818
23363458688283362857843021407057512186101427863279609732360708850080747185647709
09198393285052004745719804602455436317054936127115528107898814479729717147800926
51079217416597048778987285632667116952561722266361274341255872573755790272113632
85498898802349210117097959177650258510766996720113226153829834251531088655868081
82956481104797233156854371438000283674953635223609779787456873477993093579607965
58565858568776824091758521640390161457455940930651286965859888655989301495330427
09848356993622643793956934679212707911245065425661749998943147346192246007604774
56261886613071311297573963321002478758858759859853794587900272333446292029975732
91976015252603935228646909337569456968404993261487521731911741442986754098894976
25655344876952359385820267596409271567219316895147121981761674676987804859848894
78665109735101920953013865681387579645325789477096696639166424454889628379097642
65698210153967780291051768245762643699283753468290214611857791758972708825479725
74964012018312510136982328567491631291621876121873061305286052297108341314358900
77615371863116209505755021811348975181118810243885264607347584454820009982896383
36467149059900070428734025428113852469168788378701835968999964967658888447913041
78061057754989671858786348302199227109228737865917239032205887715578927800968084
22160600212610012313200711863400948176394278818063814620682463889454325426521051
29726956678580323905792247704444686301256394131650890350203844247784993070471072
46039728434690182192991769418492065230810325504047017766316143744815874243653915
52843342772230430064274773820978748342739468263749687023155820473396700973859285
17135560256486249884225154474247287737882644980643863566687016303995979386452625
37541171721727644165441595226113996505126738011300657363280390804330288256411697
13716945849997290967841240331054799022148420022737736088546415107151718248138338
38066737377103333483884400261964649688659411922347281895150742685411568789848606
08274433393298166638529822299073077574919977722986736888473618790650640532230861
02692904648208830654055977221972191598940851814808950519239873326520039577479760
55143827240046655398296413081319430767646982004474176335253784082720014657685732
74457952460842273190359789253951090278063775798551491023338718227581773621725927
31404218493218005607346727456044882604406795230098804660276216394660914600195334
90762198628333332149767592481208105058089106677210183776667143444608914052409450
16148987649560493162046026434025610320514944396269551380561299576415203423838472
87344540416016974268792213209811144892849211290059492638444695136215578571073993
98009709204323233829219370775276067837110133311830531887787530667023959722560007
31229075821419545809553307778987366127229383066301147693785387381069632783517683
73611470875323701294952861337525925462130077070102625667117123739380642076560399
70706312201871851312505294416140998595995645218873599134952553058945736016923796
35269274418208331579195924937107746385223205390068338745862292513719553369791338
73255455790059284585154179046286732396103537937987709466234000192605658584468799
86502472925134350657857081126428523646087264185790548120048339689489251679032862
80178557936319568763821876165255863943751421484580122178184609101761439661455284
52138691953928373125809753002064167883478741375709596032265258711264362346599117
72978492647425892705499240678767476648003326291077223055287522269113804217792374
09984253473892258146656518461799124319824017104852236219313718526775528619292773
33454684268277290428044050088640469177221931367341960450078070476440463109534373
08826993671724725583204235889090012851442638878006008155482211219063014119355048
54022546238521173401256972692965174794061315837511360644424369031441553862870447
25366977869724817804157489287574249242505847491051985343433002550788096636161748
01344386094623790460681011385990786753590155746892924134621347234960975545412136
44143701773912040469665912581189524833782995702375755541261225068548050565420251
89022864757320504735738909336066751933550055166407953820745113633766426318104774
90210861582503593381395644245173717097049676091846636387910955806681385461601663
40987898651868881647118050217379569113749632388613087135850189259151231729375583
86648110337934655875984615251203086102561949500172497158076470392570557269946792
65564752104592009463762011020627269254318410037823833943295225532209077448652858
55639029996574684699104738307945355221326052608352563041768566586643419025126161
87503703234444386805353827751685092179426441880908532677921708925735629779580147
34361026876015497315531030855239888096607166068763243749737820900009151956814999
07943524594312296147200866688615023517174851097868249632751718142212644026205088
36646530585963027780088305465131634213083061217015110877621378858227861883561959
40935602840891814651194731192623513736574358329608788320158085481280697788118612
31734500487074643074775507085731224951494060010721790397950322920002548915483151
31124586018196468091190210124759573471698048929729412533017143971206034518430952
23141166090727647685584627827310231729560691914457732442418510074366656909166405
92548822018517107402077733992413163578111409073240615488360441758202530042754183
12685428868481790879158355781602333362878872575071639757868192307416650004129449
15629861953411503644787093409559839647803117422780547845020566355454152584875428
24846283599562516801884012619058091789943849371951336270870954901911458648230115
57076084306974057737464578715543317071533426899601516185244730998102850566947081
41100639623443327770188730788770976898535347411721291790960787936730433141505963
04033119785691151434825888339484289336357058267751843291968340053322881247823813
67940768691495554710735279132713941198021467809782202865327795463576509933330765
55804049340489404890388049106004653998534005504154462907786820472079883758814666
35796285964338684007267106795998744374638358825656974365720987284595728919388981
86034276292381722311036137693949043630601506382302833370601404972384242269892034
84159367305450054955446608704979086072673275928535513751121973626447219145107812
51415100057029090517864476806806337393739314665460668546702161529760567141031014
21041877965420474915338241743369082897449863249501057268413011065497222666843398
14630570922388404436789952778502797165369931874569704641162297138463399438049134
16747624889025164860861524588715499256086183320022344270997679112950777370246445
46570977598343839232468600446218465868135589589441266483036777164214806168812781
48440600436656185689334988097251518099320152593178385006783554418546467627884064
70545100915177272807807575182832759064745726828744967818347915588321433506465896
13545568161135034241410331984819125308150218536236943434669099644272171021685762
35548080073709602393520531523089924144769189116632315522989488045608972116206922
71653758996354534951975895931513906457566811740501889461534902856432555446073379
97757021809883236990057849741068284161120799147730685281577752863291813766069538
37707066637915856879288852490241573647027682550150038622707155353169775466256498
05724653175650994717958099386180047229890826449025001081821235385705124999521083
68312890016352289509320566666787441168394989700691812647661676234436856300218045
03659710777212005578279937237957129286178436736604052183739925520700620668553298
07132763270037414982061533946778901282941754044547861383536103580341291651918502
70387263403672011779458278178117060179857808347380074907037440069591651537394470
02970179668660903550267001944876549746336502203241185906599178957308559048018726
68266953394803901191062276832986774591927592497195741019256712985323313271496552
56300656357844944885873092489631858674028702018540245833546120781668209726365068
14470353228136736979423804089350547778705187517685554326810800111005031682342739
29094432948821137957566491535815282955837708077304347688549348368067430682118734
56182117541593321554500045930721428225227302213806113932264554043944495470197035
39877478723698029967095225249245679423230065552480709060352269572251432878125180
70268566239017819089694156623593455646660609121095055387316266477961637651442515
89384388420787497829006760015463734246079564427516323478912477968492415017252326
69130424448782575558579556727971407979419352504751573830856507405007700586136561
20972833565756929105658573218268540845669895930983875974986508421290584573964914
51071188592738699251320330761575594101871049881540451508752609753263891967217029
96638455084580487190699699369017649642127374637461404486209880585907336721936908
70577633369981580691502344310109006962382364655756186381229262250931611763832148
50255818764544473037488095950518721203151811891614343636657419457013991395752893
38965663727449585904187798960286661951216971994472787355277400745840974133350952
51060105091982673413619975210830028054276174674092116312937629193232002779063222
51401183264717126232500124634927776909913695982681220191221661001475768167788651
28099014696014247711406244158884173805791587542126287523028892131945027740681728
08224470512602442016752886971498383898719957374883784075394982225315268082911846
90664414356640472766110945453984381278834719021262388520879760086603562106987463
56445374981196034287322889621332375581039345400797176909445883973764452060010289
48592655989251010732461076276229225480146510804792802392526410985890232602271606
06097596813573895758008849869524888043950560422472938435353554789814754228725954
06087151862497803441832640098888905535084409187135452993054523747072288925702892
91052907565055937360818356361625391237271199733444817960962993752597487084830821
07745066359291310618621986400752881824281413354912982780253782510779174339633757
81786906864855049764674319168646872870698993083643057125588826738949490600957902
86494279449647997641006322355554730864729231691664575479986262054970075864553338
99499507124396993743353440129986251222231968876918634744672738569023160508565842
01958615544751904307311402953711702830342720018714741775248262524138860188080416
07496463815275040743887128684920668936143836141738891637902958922878041830269006
87536686708187645587597084272522342125266545052159111822173957812023986189142170
95345125201409707596746493578932028932597724873214607906899469458075663709385668
78895782791591836903154582384581895786079477413248556106961293489292234434776773
74161012255497115086427634070748899659679202433840409019610227121235715110706667
80235582434702083938208011827186067638005623680690525417284292587429304494583479
86640118858564470453935657806832180915660552833579414353663461031264481126488252
94752792922166522988411748186235125418185018687880257744961006667835355271777839
99876494066212327826662040462082934681630437953263080840082475889512345557491946
77891563003208122192458560938979589081982206361708362930554213329474828914904414
1211163651026074851435598844773267046548426151275634765625
